9_36_2.wav|3.5733150276272513e-06|0.3374326243659622|0.6070084297964947|0.0014257252988194684|0.0009767249698362135|0.00024761780087634213|0.051734450907703206|0.0011708535452802382
9_48_2.wav|8.22996669500985e-05|0.14876150248933098|0.495813331668737|0.003557001893031883|0.00016675056064995367|0.012000904236754182|0.1188659921210425|0.22075221736350345
7_41_2.wav|8.860621517278756e-06|1.9038448980128733e-06|0.10872866596833212|0.00016598053064914058|8.060812029115815e-08|0.5043143830825509|0.028587117443267803|0.358193007900664
3_27_3.wav|0.0006075599751409825|0.999086663969675|4.339908597765361e-06|2.883706153156112e-05|7.433685375198727e-06|1.2837529909783843e-06|0.0002630629447537685|8.187019347839012e-07
1_22_2.wav|8.028579305196947e-06|0.9991415666697699|0.0001894586995752452|0.00034296351583494583|3.798035155498979e-05|0.00021026421772760764|6.238015648947407e-05|7.3578097424417566e-06
9_27_4.wav|0.0003553322958532221|7.31635037314689e-05|0.729060719632044|0.004760483645962311|5.3765533058608496e-05|0.0005166292413180905|1.7150807429029144e-06|0.2651781910672897
6_38_0.wav|2.1030019767733122e-05|0.5566349008366472|0.05045616605327749|0.009075516125721717|0.00645183323240378|0.32475652706286606|0.02073051885304935|0.03187350781626668
4_27_3.wav|3.210383513150693e-05|0.9992352932605147|0.00015330633998791561|0.0003033429737344341|1.1152157338609244e-05|1.4798370811589782e-05|0.000246355132993757|3.6479294873837607e-06
6_23_4.wav|0.00039924604429706257|1.0673835186961493e-05|2.2066971873975505e-05|5.690798875051718e-05|2.2857454321565925e-07|0.7623317276014833|9.133954327294608e-05|0.23708780944059185
8_34_2.wav|3.846246835579338e-05|0.7290257825542505|0.24778075663154012|0.01956258564505344|6.791953779626287e-05|0.0007422351359174253|0.0027789908583897064|3.267168696593763e-06
1_36_3.wav|0.00048682633050316123|0.921726924040061|0.00017074620574689068|0.0644579426920907|0.0005598867221980329|0.00753012348703934|0.0036902101877534102|0.0013773403346075983
9_22_4.wav|4.9995344205357975e-06|0.0006852477982028885|0.0004568338053155868|0.010432685623581925|0.00022782201630786592|0.005736036034843919|0.9715480091155563|0.01090836607177095
2_41_3.wav|0.7848622724955506|1.668019990986832e-05|0.20827197542659015|4.992374934903243e-06|0.0010280695298467053|1.0534837010190617e-05|9.724598325245497e-08|0.005805377890174078
7_26_1.wav|4.08843935044199e-05|0.0026065064560874996|0.1711358424237239|0.32953481547464103|0.000916524489425212|0.2420378891639251|0.2501595828393724|0.003567954759320853
6_25_1.wav|2.311344086565249e-06|0.03928623418180493|0.0004386927702013111|0.06823233522265144|0.8240524645530737|0.06646330710644886|0.0013692706026346988|0.00015538421909850467
6_49_2.wav|0.000248662990347488|0.0001660883780716819|0.12761546065369092|0.0014010745986828199|0.8699393995228522|0.00038205500875874385|3.9667501801355275e-05|0.00020759134579413283
2_24_4.wav|0.04025374770914637|0.1847808038039471|0.05197113007892651|0.02661316193706696|0.11145296489419948|0.1615962378095021|0.4200793703861075|0.0032525833811044218
1_22_0.wav|0.0021501477063375486|0.4330738835902854|0.4817449129046327|0.003381081944409191|0.0036357033476869076|0.05391773427292346|0.022046086220561784|5.0450013163262784e-05
1_36_1.wav|0.00025136480875066763|0.14886557352675672|0.8107095267110421|0.002703153555147515|0.020676705184225992|0.015970050553936462|0.000647394175718506|0.00017623148442196806
9_26_4.wav|7.987047143336308e-07|0.007266205175218008|0.45234005762532276|0.006561946503484265|1.2031947851912768e-06|0.09056375963213097|0.2671527453071379|0.1761132838572066
7_39_1.wav|0.00015111544393193449|0.032836779579494685|0.5623606166302872|0.12810832129386315|0.0017057725664264486|0.0488236658421918|0.16136489087647693|0.06464883776732763
1_46_2.wav|2.3701525671060856e-06|0.318903586021755|0.6785107952809094|2.279874317024512e-05|0.00016082113133980777|0.0007713676989429243|0.001464685533094611|0.00016357543822090217
8_20_3.wav|3.2282955113071213e-05|0.003793050981228789|0.0063498714361987845|0.5045482400388434|9.844003360576914e-05|0.47669961018670376|0.008428764884377842|4.9739483928550965e-05
3_25_1.wav|0.027109099947321594|0.6840633228243187|0.011194321370090339|0.012422064750859496|0.003727934303722538|0.01953744124331205|0.24077382968442926|0.0011719858759461877
3_23_4.wav|2.0569605922588543e-06|0.0014261634152321605|0.007170851233192954|0.00011418112016202051|0.0013173580090364114|0.005184745760577225|0.010322520786428412|0.9744621227147786
8_41_4.wav|0.041228461843040645|0.00024199106323291575|0.007574377275187973|0.002403258675945293|7.048322795269605e-06|0.8340772834443082|0.0016937638806960162|0.11277381549479357
5_35_3.wav|4.737025748391269e-06|0.22876686854087097|0.00038530488935333555|0.00014454377006139382|0.041276211910585364|0.004121967563940799|0.7247961304539169|0.0005042358455230229
4_27_1.wav|0.011173411421797378|0.6071120270358524|0.06871349661902855|0.009043176357478741|0.22738817412929924|0.0005935749032679657|0.07166572234093152|0.004310417192344179
4_20_0.wav|0.00016957665688247157|0.8044221846786497|0.03770162878646908|0.005053594706802991|0.029477044391625337|0.08298924485106625|0.03914181489722183|0.0010449110312823833
9_33_0.wav|0.0017652815304806668|0.12317798175431956|0.003981326793718358|0.01563954382301034|0.8492846822510971|0.004490829675214243|0.0016154161904211465|4.493798173861853e-05
3_29_2.wav|1.058681557288084e-05|0.7568666836496152|0.05088079738030789|0.008677449961163632|0.00686233406674648|0.0008169044289481225|0.17552008180169607|0.0003651618959497292
3_37_0.wav|0.10822373668928995|0.046104824613471054|0.000979812512576469|0.7755367563516412|0.0001107794927523776|0.062380409452193565|3.9022714052088935e-05|0.006624658174023218
5_47_3.wav|0.0017678164355560584|0.006972633073259115|5.936735413360695e-05|0.32247719249959633|3.0105497106486673e-07|0.32974802958292293|0.0029289206015248267|0.3360457393980364
4_27_4.wav|9.242395195834796e-07|0.0002633401930811424|0.0002402248812220326|0.9208705248601324|0.0633649454596589|0.004782332811210892|0.010319243317111204|0.00015846423806369406
5_23_1.wav|1.718766729861311e-05|4.956679204542419e-06|0.01808237452840628|0.010224729626531969|0.017579001356874967|0.03286709623184204|0.028907222017403887|0.8923174318924377
1_36_2.wav|0.016850272414525122|0.9762569501535224|0.0006103084176049472|0.0001409550988893673|1.1280273850624019e-05|0.005546194383859883|0.00033928460698961696|0.0002447546507581703
10_40_2.wav|2.1112313275412967e-07|0.0035662179033452606|0.995478919208824|6.435501774771094e-05|4.250124957152295e-05|3.988361968565472e-05|0.0008069020231165298|1.0098545767103253e-06
3_33_3.wav|0.00037970871123428255|0.9992240395099034|1.9452423700527174e-05|0.0003490821084583575|4.469909930184261e-06|2.232371178027789e-05|3.7431436840541113e-07|5.493106246811276e-07
1_32_0.wav|7.36378785485993e-05|0.09791905868639009|0.8454949871504309|0.055968947423766915|0.0001413207103236142|0.00014746645481131924|0.00021621780820803272|3.836388752047118e-05
3_41_0.wav|0.00047398804102988945|6.6827921002489315e-06|0.4913990160248428|0.00040798367465489987|0.003815455323819235|0.00019495402170668374|5.933524910411744e-05|0.5036425848727427
3_33_4.wav|0.03785347277323673|5.0982284674502085e-05|0.007092649195893885|0.12194640921017579|0.0003182200490056289|0.00016058592360018495|0.8325461162158574|3.156434755597541e-05
2_44_3.wav|0.0053460288114000176|0.03943925280342752|0.017089505836944324|0.0012135631010938399|0.5033733539856371|0.4107507493513728|0.02262686592024128|0.00016068018988316191
1_21_1.wav|5.828583208036597e-08|0.00015464814019976764|0.9673408315031188|1.643235132410615e-05|6.96578786236062e-05|0.0011193156519068471|0.031206416824643625|9.263936435151617e-05
6_24_0.wav|0.9296264189193957|0.008025764736674825|0.0012060655893090892|0.0009286346079775689|6.833447212145949e-06|0.022190699398781315|1.3111734045133891e-06|0.03801427212724482
10_43_1.wav|1.2732455102458419e-05|0.0001823722907843802|0.0012116714607144116|2.7785480054598455e-05|0.008835659048673903|0.002578316652698369|0.987031595187986|0.00011986742398614018
2_28_1.wav|7.309505159479181e-06|0.004298683024137388|0.28850707279894416|0.00435328222414532|0.010827649427009301|0.0005453649116929036|0.6913556628513587|0.00010497525755267812
1_24_4.wav|4.000002580031583e-07|1.3980974123480852e-05|0.9852028838232083|0.0023289118362036973|1.45187423216379e-06|3.0377143541146868e-05|6.681200049332379e-05|0.012355182347939664
10_43_2.wav|2.6445789078243276e-05|0.05210574416535636|0.9456064368661459|0.0005682789761022311|0.0016582993926496177|1.8936739062405113e-05|4.545229248799671e-06|1.1312842356585046e-05
9_37_3.wav|1.1613630678157335e-08|0.8961072136250706|0.00020954254448786897|0.006769836461827252|5.759743446102594e-06|0.08717474729967573|0.009727038771728007|5.84994013375654e-06
2_35_0.wav|4.0257335212288047e-07|0.004888106825013183|7.628367058132575e-05|0.0008671053800270088|0.0291393316055704|0.00028148996769309325|0.9635590167935567|0.001188263184206145
4_41_3.wav|0.000790536757697345|0.1009014481507463|0.8962773230651929|0.0013170389467064769|7.73182264834691e-06|0.0006933004765864861|1.2563432281819657e-05|5.734814078999182e-08
10_35_1.wav|1.583526665154855e-07|0.9997144521393413|3.5945551068943557e-06|5.422699654475422e-06|4.806883432228036e-06|2.4744433437268043e-05|0.00024375661994699421|3.06431641415318e-06
4_39_3.wav|1.287626916426862e-07|0.9918138429454363|0.008157896890165406|9.89960160344118e-07|1.2820787034356728e-06|4.6655450513348726e-08|2.5795059280968334e-05|1.7648111810966926e-08
10_25_4.wav|0.0032766480635204294|0.02081230714283303|0.19873881178689104|0.42459851553816386|0.00024316449819398336|0.31548059559201314|0.007396021117120633|0.029453936261263775
2_40_3.wav|5.107570909225958e-06|0.9984226002316017|3.0045697008439787e-05|0.0015399178745633092|4.643272927653116e-07|1.757325632537976e-06|9.894130823020226e-08|8.03168377881717e-09
1_50_0.wav|0.0014056401258082116|0.49876656960916|0.0806061049954292|0.24389342180377627|0.0002609051703512743|0.073036215580825|0.09933682717116935|0.002694315543480618
2_38_1.wav|0.002353861303285107|0.19567291593975045|0.7641741374136822|0.02565261928048998|0.007301796754721323|0.0019536975161564777|0.0016725828576962271|0.0012183889342181947
1_34_2.wav|6.801983579587779e-08|0.9966100513328168|0.0016153991065290124|2.1819699038396303e-05|0.00153323806268249|3.5439128957796655e-05|0.00018179513567998917|2.189514459800153e-06
10_37_3.wav|2.7707543688972365e-06|0.12700681384273935|0.8552511517403915|0.0016668488532124537|0.008082861678747244|0.005611091181827469|0.0023467851179717236|3.167683074135766e-05
6_21_1.wav|7.932674896115604e-07|0.0024456081736991615|0.5226514441829729|0.015009493781063048|2.3357154683130648e-06|0.003566955572555319|0.021298306116044566|0.4350250631907072
3_32_2.wav|0.0027205969339853327|0.7482986129862097|0.0001577201157489545|0.028316231598321872|0.22017301385303295|0.00030199643544828123|2.628137117431265e-05|5.546706078473162e-06
3_37_2.wav|6.280255392142328e-09|0.010271954421797009|0.4723907600915756|4.4518779013519234e-06|1.2204149316165276e-07|0.5167643280130569|0.0005402935283385175|2.8083745581419983e-05
3_28_3.wav|3.114165104056365e-09|0.004652201566390788|1.4339470199051364e-06|0.024011515462107003|3.218848008160462e-05|1.3053066370493317e-06|0.9713012807695263|7.135407265037276e-08
5_46_2.wav|0.29201583449180757|0.0038898940845537595|0.43205633251967407|0.0003903151234304254|0.2694936360593995|0.00195151144410858|0.0002001889405649823|2.2873364609841924e-06
8_29_0.wav|4.4276496951466124e-07|0.025577834892317068|0.025911186484460648|0.006838299629586268|0.16766598219041462|0.013357939284904924|0.0008818155375775955|0.7597664992157694
2_23_3.wav|3.589573076273824e-06|0.0009436697405164584|0.853359557865726|0.00031049305270755946|9.86696306548808e-05|0.021185536817606102|0.009811455642021972|0.11428702767769082
4_28_1.wav|4.8798068140204406e-05|0.026808974557805763|0.006186473580633868|0.3464874612306848|0.007430931156209624|0.00048155090709172587|0.6120231887142281|0.000532621785205728
10_21_0.wav|1.2235903735208918e-08|0.0017483981853739692|0.9971894384662716|0.00013637050594130453|3.853318847923134e-06|0.00046165710261305485|0.0004593315111793621|9.386738692061901e-07
8_27_0.wav|0.00018397369765784557|0.13856387005763646|0.029471750646393305|0.0005830361228856955|0.0040354063313811665|1.6439945708605843e-06|3.273607269654988e-05|0.8271275830767781
6_25_3.wav|1.1008171504739339e-06|0.5635705256113631|8.296406192076234e-06|0.0008739017352010979|1.7019628079796394e-05|0.43289037856238066|0.0026251483162044184|1.3628923428424161e-05
2_31_0.wav|1.155374209939159e-06|0.9944075151056266|8.654025215915909e-06|1.8192510405333736e-06|0.001129997087283001|0.004397298277582439|5.295976220830624e-05|6.01116833307001e-07
8_24_0.wav|6.472432552192682e-05|0.29873226078771403|0.6956721423458215|0.004645046097036442|0.00047663569241021986|7.399417669918891e-05|0.0003295165124242997|5.680062372261696e-06
6_29_1.wav|3.1426928935068327e-07|0.9977287479389602|0.001994541569350431|2.4089240040696585e-06|0.00026302713242629046|9.827716472771478e-06|1.1080712208989176e-06|2.437827617777075e-08
9_20_0.wav|1.6262646917972085e-07|0.0019763686723703786|0.8191444240619364|0.006103008736464259|3.7222057942340904e-05|0.17252762225920762|0.00021022952234475307|9.620632650157551e-07
6_42_3.wav|2.431877773920767e-06|0.989456937497492|9.123245106504021e-06|0.007180380988215434|5.031792491299469e-05|0.00029437823916752403|0.002922190030872814|8.424019645894584e-05
9_21_0.wav|0.06123478335857736|0.0020186998486462146|0.017335421708363254|0.002809903870081121|0.0006445305789814702|0.9071523857072604|0.008719161859418248|8.511306867194649e-05
7_36_3.wav|3.464494407386909e-05|0.0026772871821875207|1.1752347138834331e-06|0.9913584879479553|2.1076890718534314e-06|0.005640275968626362|0.0001333824522706281|0.0001526385811003289
4_38_2.wav|4.375783797070244e-06|0.9129732379154684|0.0862345843101646|0.00013001979614509724|1.1031663843550021e-05|1.0137930606384618e-05|0.0006362490212659622|3.635787090415575e-07
3_29_3.wav|1.0946402733058921e-06|0.9992741516568702|7.295386486613634e-07|1.3776419166092866e-05|0.0006935808957728359|2.2771694423027625e-06|1.424725485397356e-05|1.4242497250609502e-07
1_25_3.wav|8.328894523642588e-06|6.637263856108332e-05|0.9996476858641885|4.844468824961695e-05|6.80090295450831e-08|0.00022874193988564647|8.16660337689863e-08|2.7629952825363336e-07
2_35_2.wav|7.17132659934969e-08|0.8716285684709061|0.06904950142230414|0.00027796494087488116|5.6432347370722745e-06|0.005076734360799832|0.053735661597965015|0.00022585425914704334
9_35_0.wav|1.9142658030076735e-05|0.007354001902625082|0.0016841063849662627|0.00036768260323314874|7.2568406102856376e-06|0.7802117023630336|0.2103460685208925|1.0038726608797967e-05
5_29_3.wav|0.0002774968597627537|0.9980529582311747|2.074001146943151e-05|0.0006142227954053776|3.0963225948600556e-05|2.097914915799752e-06|0.0009985501764137653|2.9707849098884975e-06
7_48_1.wav|2.9187061757896504e-06|0.0008603223861094938|0.07621457334029735|2.3593278799666102e-05|0.9228813176255725|7.615883456199038e-07|1.6411544723309722e-05|1.0152997624656386e-07
10_33_2.wav|3.6934311440944935e-05|0.0009378791002087487|0.03484201023534673|0.07598195728170051|0.8838485259012829|0.0003559829938235862|0.0039802460306273095|1.6464145569250288e-05
6_50_3.wav|3.1571881366337233e-07|0.999928821057901|2.933478039260577e-07|9.360549162195217e-07|4.009545037765716e-08|6.716006298015573e-05|2.015223306778182e-06|4.1843882773925437e-07
7_46_2.wav|0.1294868869657705|0.01008247218096918|0.8374622555923416|0.000522979845093002|0.0009638350534777862|0.003192595664909823|0.012736095531912628|0.00555287916552557
1_30_1.wav|0.0027927022378901618|0.09918871394784363|0.43974469802079563|0.02294723834670608|0.0005656644339583453|0.005364993958443226|0.005196876888739506|0.42419911216562334
7_30_2.wav|0.00042853577050589814|0.07466057930423367|0.9118861449151561|0.0025452871792706155|2.0768188501166442e-06|0.005299737756563062|0.003893969987074948|0.00128366826834623
9_29_3.wav|0.0006911569399552371|0.8765621260873184|0.07681423649631715|0.0003403746535795782|9.066961037281487e-05|0.0010039657591076282|0.04406941895649914|0.00042805149685021514
9_42_4.wav|2.054949967213679e-06|0.0012133149174383513|0.9928992888135435|1.6562488102046467e-06|1.4486242319599034e-06|0.002007139479373055|0.003692030888124834|0.00018306607851084234
10_28_3.wav|8.532222735071751e-10|0.361968874617004|0.5706109806324074|0.06742003387123295|1.6066681800192635e-09|6.029646969612128e-08|4.543621284694243e-08|2.6867828328784393e-09
4_24_2.wav|3.3828968732692176e-05|0.3376475292616226|0.6217962558063392|0.003220650311810046|0.0008136861181222238|0.01947555629893656|0.014411659394718593|0.002600833839717984
9_35_3.wav|0.030421373537433433|9.604762477541853e-05|0.01273579816840674|0.0023313758289177557|0.03446561061716472|0.0002648799817107091|0.9196822853666103|2.6288749801041175e-06
5_32_4.wav|0.00028637136282653634|0.08357731513585676|0.30686565173129743|0.1106225797509559|0.019112685176441015|0.28293938944570923|0.1348868334211098|0.06170917397580325
8_27_2.wav|0.005543021839643682|0.2398844538611631|1.9863666795787883e-06|0.7504622239824797|0.0024649219009236865|2.4052916432745753e-05|4.056917093917663e-05|0.001578769961738434
9_39_2.wav|0.5790882853673311|0.010301345765117629|0.07289547755086079|0.0003249263817255619|0.0008714771991344528|0.3356758468068119|0.0006559503961268297|0.00018669053289179622
3_34_0.wav|0.008934032056438963|0.9667579233637041|0.0012394644014466951|0.001318994145672551|0.0013233787820360057|0.018174976340455427|0.002231146339664866|2.0084570581377755e-05
5_33_3.wav|1.0184351378944788e-07|0.9999998915513638|7.85414799160936e-10|1.3548465445738737e-09|2.7295022449778286e-11|1.9956007718560352e-09|2.3719858567165934e-09|6.997951893375268e-11
5_30_1.wav|8.466282933592593e-07|0.0015582153437111404|0.0001428410565177679|0.0008349800439866975|1.0002382687787968e-05|0.934953316063951|0.061184272912712334|0.0013155255681397797
3_30_0.wav|8.42007055848345e-06|1.2763646037484591e-05|0.981992266352997|7.59269509921138e-07|1.5879039948825867e-07|0.017926945236295917|2.5332736674486177e-05|3.335389752779629e-05
3_43_0.wav|3.520916681521202e-05|0.032182527161686965|0.7448451791531269|0.0033132639635445717|0.0058849736260201445|4.195981930126935e-05|0.21369359737779192|3.2897317131864304e-06
10_28_4.wav|9.068251076668116e-07|5.701204477515182e-05|0.015591779157875197|0.9839548390771983|2.4019098889555702e-05|0.0003119579296800017|5.8963426189059194e-05|5.224402849663248e-07
2_47_0.wav|0.0018953914265912907|1.187652302721468e-05|0.8186318329971878|6.581910987032757e-05|0.0063009541186773415|0.00012071817695811638|0.000169095370706037|0.17280431227698148
1_49_1.wav|0.00018899918482916472|3.455369644698515e-05|0.996737144385563|1.7409344185755892e-06|0.0005030514877601347|0.0006967255534998229|1.2465221244460166e-05|0.0018253195362377122
7_40_4.wav|0.35171757635081385|0.01226720734618647|0.6317367130607953|0.0010063481472805866|4.18437264112653e-06|6.051925474761626e-06|0.0032547766483692585|7.142148438598121e-06
4_31_0.wav|5.921986688830162e-06|0.03904150806706277|0.24925701692752228|0.2946219050651661|1.455946171588891e-05|0.029080388753311596|0.3879476844250289|3.1015313503667864e-05
3_38_1.wav|7.916053888767752e-05|0.6651897501057484|0.1963438163735638|0.03401683884372896|0.003370643962762887|0.0049576746691019635|0.09602826840734727|1.3847098859004528e-05
1_38_3.wav|0.0011462958446119503|0.30567052289486407|0.004501526132083427|0.1282045901394537|0.037746942319551016|0.002237373996065609|0.5202749705743893|0.00021777809898100478
4_34_4.wav|0.00014247690230194404|0.038492852510303065|0.011513407693499247|0.0013396545434277674|0.06775895922937146|0.1536139515428869|0.7228156339289702|0.004323063649239514
6_47_2.wav|3.1222743080796125e-08|3.1954916007294896e-07|0.0035014606862009212|0.00031486038371271365|0.8757039270635543|0.1117102880812367|3.6399085909378387e-07|0.008768749022533157
9_34_0.wav|2.679520557204201e-07|0.9507608075658843|0.0012729951299866055|0.001062428966754176|0.0024694320098724797|0.02806675991160201|0.01636198864598882|5.319817855755062e-06
8_36_2.wav|1.3428280485886085e-05|0.006615291163422609|0.20453760743740051|0.0009849352688848486|0.012916569923314554|0.628188912405072|0.00017882198651879473|0.1465644335349008
10_48_4.wav|0.04960055738380724|0.6121734268889055|0.28267178960710904|0.0015577923633295922|0.05354221589785679|0.00033059370167940524|9.837388519420625e-05|2.525027211821797e-05
6_33_1.wav|0.000294358234400081|0.9476864905749757|0.008450439823680541|0.0406959260733785|0.0011186034331740799|0.0017336943525745599|1.6886680971955004e-05|3.6008268446364392e-06
4_36_3.wav|2.360991863213888e-08|0.0002535529948595961|4.827121126237301e-07|2.956116899867739e-06|0.999665089602942|1.1744568845727887e-06|4.530841741747687e-05|3.1412088965372555e-05
8_22_3.wav|0.0006050595263124151|9.650959310134569e-05|0.9591819355430949|0.021331770103162447|0.010917960323542196|0.007418858655733226|0.00034946633831263425|9.843991674087058e-05
7_34_0.wav|0.07787659667098636|0.8352731472973322|0.002247428280618026|3.724305010012484e-05|0.0334966123510485|2.242185407846413e-06|0.05106666965683843|6.050766840656837e-08
8_48_3.wav|1.2259112682806526e-07|1.8097258664768925e-05|0.0013497314832080253|7.178339300032216e-08|4.815942661270487e-07|0.9984031627155664|0.00022830963318963627|2.2940585760707426e-08
3_24_4.wav|7.689066638287111e-08|5.594767219216162e-05|0.000780547037831736|0.02912988938524483|1.1204413869038902e-05|0.004612332896813761|0.9653946021271718|1.539957621010325e-05
1_37_2.wav|0.00034134431942863067|3.331946810296548e-05|0.00010623888103212822|1.3895212241459195e-06|1.5767644026392752e-06|2.4845818719048186e-07|3.03858514664856e-07|0.9995155787291079
1_37_4.wav|0.00022311821121239516|0.0007678829474849642|0.3448947632724373|0.00011945609365202971|2.6315415997990303e-06|0.00014936296823679548|2.905847744798869e-05|0.6538137264879283
10_49_0.wav|0.059228032042329015|0.002111674019802206|0.7067069460674852|0.23066116577812612|0.0004679422006401519|2.27621664432805e-05|1.0593575342151316e-06|0.0008004183676397494
3_32_4.wav|0.3945831581965192|0.01091265054530307|0.002671695543241817|0.42857370237356635|0.14476494081314506|0.008793690213178678|0.004844836412046815|0.0048553259029989115
2_46_1.wav|0.0007972540380532963|0.21607605524622386|0.6493231541146485|0.001934001874736736|0.002604726476993151|0.05885016387152977|0.07019970763905005|0.00021493673876463103
9_26_3.wav|8.090314027520994e-06|3.515563342581892e-06|0.892596949398929|0.0061631238764302656|1.0283619254680073e-07|0.00034628132270674375|0.10087854762275252|3.3890656196628903e-06
8_49_0.wav|7.15364359719379e-08|6.16830807516535e-05|0.00019322668921562122|0.999733817187632|7.647387097363137e-06|2.8541008679961376e-06|6.26958411365914e-07|7.305958867223717e-08
7_41_0.wav|0.00019486244445646482|2.5537560744461335e-05|6.897172941809284e-06|2.807390053528196e-07|0.9997396126328386|7.10459763259293e-06|9.676995232370978e-07|2.473715285704441e-05
9_30_4.wav|1.4443020969735005e-06|0.9865281201114011|0.01144319104941466|0.00013887558862795766|0.0006030926484900451|6.860860329892287e-05|0.0007436948442260636|0.0004729728524445536
7_29_3.wav|2.1055971662747926e-06|0.22899723107318495|0.7696459619976965|0.00016049237581198755|0.0006092621247019435|5.799535642876147e-05|3.6247174214763716e-05|0.0004907043007946477
6_48_3.wav|1.2172113614240406e-06|0.992724965416174|1.7774559067756387e-05|0.0006554925093252567|2.3689265934517977e-05|0.0013375470429577668|0.0022432748365261664|0.0029960391586530727
10_50_1.wav|7.2803992529279195e-06|0.0441325298197234|0.6111180935251648|1.873618216313377e-05|0.33905500764633556|0.005491302745338995|0.00017315372817485594|3.8959538462187735e-06
5_21_3.wav|0.00031714773771962935|0.7816215150677952|0.06449342391951206|0.04493941447372103|0.009077639531041513|0.03744662896306354|0.06021457296231197|0.0018896573448349144
6_31_3.wav|3.757768680004254e-08|0.9999743875665874|5.218805101983611e-07|9.678332981950343e-06|5.1022514692846736e-08|1.5279531493924576e-05|4.34097875833641e-08|6.784370702089505e-10
10_24_1.wav|0.00022987369303386788|0.16900133752672156|0.527146275462751|0.002198159948610974|0.0020185093183396007|0.28432443257231044|0.007253882309901055|0.00782752916833147
4_44_3.wav|1.4019871326359447e-05|0.0008957114469774858|0.011561447066836612|0.019117964772471692|0.00034827925547576305|1.529719331905793e-05|0.9652037410418964|0.0028435393516966865
5_38_2.wav|2.4906073504939097e-06|2.453386899831222e-05|0.9989963550375205|8.02228634308373e-06|3.259293502842918e-08|0.0009683295738061895|3.50021294179458e-08|2.0103091706655732e-07
2_29_1.wav|0.0003634798808299627|0.9139242540156435|0.01360584752859434|4.6676299183236215e-05|0.004080879592627178|0.006133122283951719|0.06025650209811001|0.0015892383010602071
6_21_3.wav|0.0002035075023304918|0.16033295520683272|0.21647773939527185|0.47491249096846017|0.0005351769532656218|0.13018951626260672|0.008501523080073263|0.008847090631159273
9_50_3.wav|0.0011004046128726714|0.0050200248235243335|0.002928656931464993|0.059331901367174734|0.0014758282653915416|0.03994176173761745|0.8812829697323585|0.008918452529595862
9_23_4.wav|3.0235020190121765e-08|0.0014033519390989366|0.014133320418782402|0.0004791692037773746|3.90561272440672e-05|0.6527958544139206|0.327350183207366|0.0037990344547904863
7_46_4.wav|0.17805383763046828|0.02007254249521314|0.6786621471981897|0.0004390034205737246|1.0580412085412362e-05|0.05174750400487239|0.07101434489206557|3.994653212315992e-08
6_47_4.wav|4.9870306598970264e-08|2.2310768399207345e-05|0.02889779221005272|0.08991726423306677|4.516489914619681e-08|0.02158061030427887|0.7727391656275536|0.08684276182144354
2_35_1.wav|1.6278038510928164e-08|0.003428024021322012|0.0005078988644663294|6.105166379833718e-07|6.010346607833438e-05|0.00045726896780392515|0.9955376598070359|8.41807861706519e-06
8_35_2.wav|8.201655570924574e-09|8.653762773141767e-06|1.5087484373258687e-05|1.0528516240831011e-05|5.099408289236201e-08|0.9999653608137236|1.8210735198976685e-07|1.2811979799619708e-07
8_29_2.wav|0.5928943201922312|0.261772032824204|0.02767454099643056|0.030437931095707225|0.054274979639340415|0.03294241997126196|9.64210352644013e-07|2.81107047206138e-06
3_28_2.wav|6.991900428499816e-05|0.5224363736289637|0.00024699759674484006|0.45884096454938866|0.0008846012312357508|0.001041546176877566|0.012225610839196066|0.004253986973308433
8_44_4.wav|3.5794404060607106e-07|0.0038152632642620447|0.265948723426293|5.157949559186864e-05|9.987134262096263e-07|0.7088132941522649|0.020941797564494137|0.00042798543962766086
10_50_4.wav|7.825170310083205e-05|0.002387003623018559|0.06654528949391235|0.000744126339036475|0.9240857759409012|0.002284971091135222|0.002001397600526158|0.0018731842083692005
3_50_2.wav|2.7379936047833452e-05|0.9187257516246111|0.005514220970990134|0.0017538537068250877|0.0009082182023676547|0.0294952825488896|0.000984698841858494|0.042590594168409796
5_48_3.wav|0.0010096869167052368|0.00010632751104405466|0.9732788719594191|0.00014776509109990416|0.0014111327265702099|0.00018346185438401788|0.01027656277425131|0.013586191166526191
5_33_1.wav|3.421464686002933e-05|0.00012405110947818666|0.00017860374224868891|0.008070255517925206|0.002231415532785893|0.9087596799871921|0.07885802864562497|0.0017437508178847734
5_43_0.wav|3.00541118264355e-07|0.9999806002925544|9.574999225578428e-07|3.86585046195558e-07|2.3307826663599833e-06|2.4471866522223396e-08|1.4887540432169127e-05|5.122863938064707e-07
4_28_2.wav|2.042642486052005e-06|0.004825256298987178|0.007239293832851187|0.012651656470393182|0.0004917631090138355|0.9612704185995505|0.013181584803928786|0.00033798424278925874
7_47_4.wav|0.0009550736326219165|0.00015336374447764357|0.34177609431870565|0.0006625930606547519|0.0007460595578423807|0.003493061280448227|0.2844144579559877|0.36779929644926146
8_44_2.wav|1.1095716549406794e-05|0.0020208325430905185|0.07020674807596765|0.0018251190504443065|3.193811986577368e-05|0.0002338516140322649|1.4301013074483628e-05|0.9256561138669757
9_35_1.wav|7.60867852467246e-09|1.1781123231423568e-05|0.9992988493847857|2.8886667550731297e-05|2.7899740219680456e-06|8.518604126623226e-06|0.0006491093215462644|5.731605887267481e-08
6_40_2.wav|0.701609673866039|0.004601532909944282|0.27668859763289955|0.014818732830462976|0.0016636424986682967|0.00025546463888982966|1.5911839774059455e-05|0.00034644378332205576
5_40_1.wav|1.0461382881335364e-05|0.00022409949357609315|0.0005188025422107982|0.0032548045300188418|0.004712602294694193|0.028786676074735566|0.9619829313009679|0.0005096223809153306
5_39_2.wav|0.0007978436482083227|0.0017548686717673732|0.9967369124663452|3.787320101962857e-05|0.00010500890779081116|0.0004764646893173175|8.136720253721376e-07|9.021474352585021e-05
3_33_0.wav|0.00038321946202953433|0.0031244219731802144|9.517560172020583e-07|0.9964674829849826|3.407944046491089e-06|4.7818388743773156e-08|4.1221934335033784e-06|1.6345867921761797e-05
1_47_4.wav|2.9471202079313494e-06|0.11609832426700857|0.0728524133806438|0.04513097944838462|5.813291550132067e-07|0.39953886902563496|0.3160174010784361|0.0503584843505286
4_49_3.wav|2.400360802589755e-06|0.9978139711497266|2.013232788540303e-05|0.0012616242271111335|0.0001637378463095925|6.542348770108037e-06|0.0007308322551633691|7.594842312464355e-07
7_35_2.wav|9.954575626015285e-07|0.013585167740736573|0.6076323865845886|0.0018962316129165848|4.624496683590811e-05|0.368791585680253|0.008028371657820998|1.901629928597749e-05
3_44_0.wav|0.17387672263489157|0.47293518078326635|0.0013037142955518205|0.06423509245589631|0.000695623484043666|0.23679122522393803|0.04815323429180377|0.0020092068306086126
1_31_0.wav|7.165046936429139e-08|0.9938359696589848|5.890342846643845e-07|2.2108015257698627e-05|0.0018408100934286203|3.8013651439531433e-06|0.004296626311015685|2.3871415286532597e-08
3_44_4.wav|0.00013222487192832087|0.00014432342391911042|0.0015886841900813109|8.89602084066459e-05|0.00018264198084831293|0.0008140745068548152|0.9954484431915327|0.00160064762642883
7_29_0.wav|0.0001463585523774491|0.4554265787391951|0.2756350187019747|5.579253090228867e-05|0.08388838350624157|0.10678710124377658|1.5382355268266773e-05|0.07804538437026382
5_31_0.wav|1.6389032033001806e-05|0.9709918793301259|0.0018060495157678626|4.0186988708678905e-05|0.00039330942047794787|0.0027682001156750257|0.02396967006981133|1.431552740009931e-05
5_36_2.wav|1.6906473369051243e-09|7.151689440117813e-05|0.13173732266735114|7.330814313324706e-05|6.239577685058079e-07|0.8681081598993822|6.6714151688334586e-06|2.3953321483152363e-06
7_21_1.wav|4.0655569205471553e-08|0.0015634405461639061|0.9981688076674632|0.00011142180204252402|4.251701337990154e-05|8.803790754909967e-05|1.622642288133819e-05|9.50798495091599e-06
1_45_4.wav|9.644091519708732e-06|0.0024218867739764934|0.9701493122320155|0.02473149579560274|0.00045037279363320846|0.002209431121035966|2.1904118166445157e-05|5.953074049910554e-06
1_43_2.wav|2.4516336616569993e-05|0.9929555008786012|0.001359855786905645|6.785787519143449e-05|0.0003476323179080315|0.00022160842143402172|0.0043198093526610765|0.0007032190306820717
10_30_1.wav|0.07498539356995888|0.17156685581718256|0.10017363811426465|0.012956640467280166|0.6356252138884946|0.0009570127396528481|0.0034074966458122725|0.00032774875735389666
6_39_3.wav|0.003917866811237363|0.6904400501987535|0.0297629612959122|0.000176585908012958|6.962289384299415e-07|0.2080612665424924|0.06157393875148782|0.0060666342631651715
5_30_3.wav|9.868222304789306e-07|0.00013728723875081042|0.0009670141641848164|0.002495855550708514|5.627165286159511e-05|2.3062303801233916e-05|0.9237760553115013|0.07254346695596099
9_43_2.wav|2.57963232954252e-07|3.451970206502703e-05|0.18248800436013254|0.0004265397466763098|3.2301972130783494e-07|0.8168703085382691|0.00017920732192234747|8.393479795946353e-07
9_41_2.wav|1.036736665103194e-06|0.002720868376480235|0.11032923888865029|0.003908502564746002|0.00017971258771779745|0.02042644752248847|0.0002224455479029409|0.8622117477753491
8_24_3.wav|3.1999582495430632e-06|0.9996896954709563|0.0001824379879507749|4.53610859198146e-06|1.0409593027191488e-05|6.704567623003537e-05|2.0415954553780515e-05|2.2259250440432943e-05
7_44_1.wav|8.469576411371653e-06|0.0001461079508522122|0.9971221002680356|0.00027041552257812826|0.00012658670522455493|0.0006830702284797967|0.00028399455572858173|0.001359255192689628
2_49_0.wav|6.186025192046426e-07|0.003225576829514557|0.0279268786595365|0.018831553844319067|9.10637755927681e-05|0.9478418656254571|0.0006053514472784404|0.0014770912157822092
2_49_4.wav|0.00011535651623971341|0.0004036106236266817|8.39895051174743e-05|0.00028832039830588475|0.002261276544802615|0.014156380909236734|0.9814041391255867|0.0012869263770843786
2_43_1.wav|0.0001590275287222606|0.1704929959526579|0.04798952371858057|0.026584972722659864|3.6809883849990144e-05|0.022925687157788418|0.7317937895321717|1.7193503569627626e-05
8_33_2.wav|0.007913941974170004|0.007349286602560257|0.9744507775043193|0.006870412676713878|0.00017779673818748548|0.0025844154010643368|0.0004470544235077382|0.00020631467947710759
6_21_0.wav|1.8542542024406235e-07|0.0304297139442437|0.05819400394473055|0.0019328454735542877|2.5032369420744876e-05|0.006877387144641862|0.00471096004702145|0.897829871650967
9_40_0.wav|0.9445259880835504|0.051481391941537315|0.0004838063316013699|0.0034508569098328752|3.6256326151745205e-05|8.097898264119381e-06|1.1495889419987981e-05|2.106619642234192e-06
6_27_0.wav|0.9624285793979047|0.006644988920171464|0.0009484398382995358|0.0023656993548551034|0.00036215572080549663|0.026843540282463108|5.584041029288923e-06|0.00040101244447133893
10_26_4.wav|3.836483782352788e-05|0.00014534776742880642|0.9943026252043476|6.331012079259022e-05|1.3116157844217283e-05|0.0005012707805942529|0.0049323067874520185|3.6583437171547176e-06
7_20_4.wav|5.421540820479125e-06|0.0004108312480443331|0.0002901992940773309|8.229971532010121e-05|1.806293520225683e-06|0.9991274664061479|4.78669459457694e-05|3.410855612310971e-05
8_22_0.wav|0.0010560038206169464|0.05113880519693144|0.2911847963223539|0.24279337082725505|0.00934626579017391|0.23966320604058722|0.16334671048759453|0.0014708415144870062
10_20_2.wav|2.0740391897059795e-05|0.004705836134796427|0.2697566116979166|0.035656772612316416|0.0011434194211681352|0.1209923934819443|0.5676081551270874|0.00011607113287366282
9_38_0.wav|2.3872465300382823e-06|0.8749328037978935|0.119177464844312|9.795920474412222e-06|5.749171455088336e-06|0.005441117455224376|0.0003985606254063782|3.212093870406969e-05
9_40_3.wav|8.448390749965033e-08|0.9916447304044197|0.007253316322737269|7.692468470745528e-05|1.3193283079214999e-05|4.947397524497799e-06|0.001006475405027673|3.280185970466965e-07
7_43_0.wav|1.8969545133623105e-08|0.9873108984181055|7.586870420436965e-06|3.5749927074670556e-06|0.012554630967168245|1.6754935622340844e-06|0.00012159496842868795|1.9320062587630107e-08
6_30_1.wav|0.15357655359655895|0.17370162948484721|0.47378808817832935|0.18547391034997326|0.0023067529993326123|0.006947321630197754|0.0006817846010983643|0.003523959159662573
1_33_0.wav|0.15171632788624012|0.5739291112122519|0.11766827534832154|0.002088934032639736|0.15452442128514848|6.296587215236937e-05|9.707036587211961e-06|2.5732665868110543e-07
3_30_4.wav|7.820211839087313e-08|0.0008111858374462116|0.00010816824942735464|0.0003146343309386358|1.0157226513145237e-05|0.000569342196662165|0.9981648968689334|2.1537087960177825e-05
6_20_2.wav|3.6331245833225657e-07|0.0008932829663846298|0.01210246815884517|8.55485368524289e-05|1.5249016133561134e-06|0.9865569117722371|0.00034896984894795173|1.0930502660841379e-05
5_33_4.wav|9.764733405952628e-05|0.244010227805629|0.6838547619174722|0.024294009988925697|0.047681921050539235|6.237017801340038e-06|2.0830512360407196e-06|5.311183433676786e-05
8_21_3.wav|9.602132004276375e-07|0.046647955305281485|0.00040328775739335176|0.007621915340892363|0.0006768694245717529|0.009483968775646811|0.9351057709725269|5.9272210486843413e-05
1_35_4.wav|9.978892234164095e-06|0.0007718644181947794|0.9849175957436411|0.00013159258554516795|4.2678640550520646e-05|0.009965254103579211|0.0039317818587454876|0.00022925375750978147
5_28_3.wav|4.934044443247026e-05|0.12986154022574292|0.561215684059002|0.003639163051555301|3.7418584237317397e-06|8.050353881751788e-08|0.3052264341242637|4.015733040788061e-06
2_33_4.wav|0.00045548051350463126|0.0002186343009590407|0.978415387948496|0.01432977533810852|0.0011351470081521478|0.0031179316548561775|0.00023848154740937363|0.0020891616885139507
6_26_2.wav|3.187731109902112e-07|0.0007017547410597127|0.24831610475651186|2.070253177574016e-05|0.0074662144433340445|0.7434457543801346|2.5576394803152482e-06|4.659273459299735e-05
3_22_1.wav|6.79635017045501e-07|0.00011280729735775484|0.009654740692082345|1.9290813094812196e-05|0.17027973371043267|0.0410347951295771|0.7788944229396199|3.52978281835908e-06
10_43_4.wav|0.0009373583197595115|0.9930849398815821|0.0003282924288313085|0.00312321772704844|0.0022509871633785454|0.00010570306547392232|0.00013224382640449452|3.725758752176268e-05
1_41_1.wav|2.2427289850223247e-05|0.9034781112413034|0.053670479598813756|0.004124488370577982|0.0001655152631318202|0.003976713657583272|0.0005057506711179804|0.034056513907621475
5_26_2.wav|3.400291176820575e-06|0.13090366490850466|0.14417007924791517|0.008201684955102867|0.713660737270665|0.0009018354055452427|0.0006786851426631425|0.0014799127784270913
7_23_4.wav|1.4112669573349812e-05|0.000153405499479202|0.1383436516326324|5.2553150052187365e-06|0.5677036418032785|0.09590348227521005|5.711748778251197e-06|0.1978707390560434
1_22_4.wav|2.257628393555302e-06|0.005234529431406782|0.0011567236823241316|0.0019505354959637165|0.0012745676930169508|0.3304012621238721|0.6406710200677854|0.019309103877237478
7_36_1.wav|1.5259668118593006e-05|0.006767969333039935|0.7840700582113465|0.0009196201129691317|0.20131796252845804|0.0027161519408266006|0.003169408957376139|0.0010235692478648961
3_50_3.wav|0.00035650551644882014|0.49053955885825945|1.7629754270583444e-05|0.00023872656143748914|0.010032610452434278|5.660789071508453e-05|0.49873440846386646|2.3952502567992915e-05
6_28_2.wav|1.454250602587913e-06|0.00014235405944318087|0.7134648883539184|0.28443014506989306|9.153296816953442e-05|2.279733855486783e-05|4.489667143393534e-05|0.0018019312879845426
7_35_1.wav|2.8572655462568913e-09|5.702317982798974e-06|2.017095402494461e-06|0.00021760722399110713|0.6045373962147046|1.2780543020964301e-05|0.3951180935480764|0.000106400199556188
3_45_1.wav|1.5741912461612917e-05|0.005591582013321175|0.0023010124335241466|0.37075712693265517|0.610788568200283|3.85123742909487e-05|0.010506144677739554|1.3114557245024919e-06
4_21_1.wav|0.008488246796936274|0.31270284663306874|0.4770850340654578|0.08540076471892481|0.006278268199310053|0.03462877657290106|0.07402846534709816|0.001387597666302932
4_24_4.wav|0.0006513035323953657|6.390521286557389e-05|0.9536887891708009|0.01525306382217083|7.897704984718795e-06|0.010403026607917724|0.0001261553941909513|0.01980585855467397
1_46_3.wav|2.9499988078338533e-05|0.9010034323976425|1.3440702279056933e-05|3.698565903775104e-05|0.09889807127671284|8.057047674477368e-06|7.640665002197451e-06|2.8722635729979395e-06
7_49_1.wav|0.00019490216404853354|0.03571960662694985|0.9438271789934776|5.377941865686212e-06|0.01320655064843284|1.8259014413348836e-06|0.007040645908324606|3.9118154593416506e-06
4_30_2.wav|0.08432580002372368|0.06385129363087282|7.874842007112444e-05|0.7565455598987801|9.385768016154211e-07|0.07905603508500517|0.005622561489957387|0.010519062874788423
